# Created by Ruifeng Dong
# Frequencies of 154 dominant tidal constituents
# name: omega
# type: matrix
# rows: 154
# columns: 1
 0.5235987755982988
 0.5058680497292488
 0.4963669186751595
 0.5250323415729313
 0.497638454914288
 0.4881373238601986
 0.515369180783338
 0.522882026819436
 0.4868657877956031
 0.4786361928061094
 0.5140976445442096
 0.5345334726270207
 0.5243155243771618
 0.5051513009503859
 0.5065847985081117
 0.5045965136646532
 0.4773646567415137
 0.5332619363878922
 0.5073016157038812
 0.522165278040573
 0.2433518789427831
 0.2625161707864657
 0.2610826048118332
 0.2338507478886938
 0.272017301840555
 0.2530150397323764
 0.2816804626301483
 0.2351222841278223
 0.225621153073733
 0.2603658560329702
 0.2243496170091374
 0.2639497367610982
 0.2542865759715049
 0.2707457656014265
 0.2802468966555158
 0.2447854449174156
 0.2632329195653286
 0.2617994220076028
 0.2911815936842376
 0.7588020745938731
 1.011736099458498
 1.264670124323122
 1.517604149187746
 0.0191642918436826
 0.009501131054089302
 0.001433565974632488
 0.0286654228977719
 0.008229594814960809
 0.01773072586905011
 0.000716748778862905
 0.02739388665864341
 0.03689501771273271
 0.002150314753495393
 3.850911914892808e-05
 0.001472075093781416
 0.008191085870344806
 0.008268103934109736
 0.009462621934940373
 0.009539639998705303
 0.009582145921841298
 0.009620655040990227
 0.009663160789593296
 0.009701669908742223
 0.01093469702872179
 0.0170139770901872
 0.01769221674990118
 0.01776923498819903
 0.01900226193364567
 0.0190832769759306
 0.01920280096283153
 0.01924130990744753
 0.02723185692313941
 0.02743239577779233
 0.0287039318423879
 0.02874244096153683
 0.03693352683188163
 0.03816655377732827
 0.0382050628964772
 0.04639614876682201
 0.2148484859550481
 0.2161200220196436
 0.2243111078899885
 0.225582643954584
 0.2263379018525959
 0.2337697330209418
 0.2338122389440778
 0.2350837750086734
 0.2352843138633263
 0.2420803428781875
 0.2426351301639202
 0.2432748608790181
 0.2433133698236342
 0.2434328938105351
 0.24351390885282
 0.244068627721646
 0.2448239540365645
 0.2515814737577439
 0.2528145008777234
 0.2528530099968724
 0.2528955157454755
 0.2529340248646244
 0.2529725339837733
 0.2529765307877604
 0.2530535488515253
 0.2543250849161209
 0.2610440956926843
 0.2617993535906961
 0.2624776616673167
 0.2625546799056146
 0.2625931888502306
 0.2707842747205754
 0.2719787927214061
 0.272055810785171
 0.272098316708307
 0.2721368258274559
 0.2802854057746647
 0.2815184327201113
 0.2817189717492972
 0.2817574806939132
 0.2897480277096051
 0.2912201026288536
 0.469135061926553
 0.4799077290452379
 0.4868272786764541
 0.4880988147410497
 0.4888540726390616
 0.4894088599247942
 0.4956501700708295
 0.4963284097305434
 0.4970026867947237
 0.4970836674540224
 0.4975999457951391
 0.4983552036931509
 0.5058295406100999
 0.5059490645970007
 0.5153306716641891
 0.5154501956510901
 0.515488704770239
 0.5155312105188421
 0.515569719637991
 0.5168027467579706
 0.52356026647915
 0.5243155927940685
 0.5249938324537824
 0.5250708506920803
 0.5251093596366962
 0.5257490903517943
 0.5264659075475638
 0.5345719815716367
 0.5427630674419814
 0.544196633416614
 0.5442351425357629
 0.7493009435397838
 0.7779663664375558


